    x_low x_high val            err_down err_up syst_up syst_down
0   0     1      0.0            0.1116   0.1114 0.022   0.022
1   1     2      0.0            0.1104   0.1106 0.022   0.022
2   2     3      0.0            0.1096   0.1096 0.0216  0.0216
3   3     4      0.0            0.1086   0.1088 0.0216  0.0216
4   4     5      0.0            0.1078   0.1076 0.0214  0.0214
5   5     6      0.0            0.1068   0.1068 0.0212  0.0212
6   6     7      0.0            0.1058   0.106  0.0212  0.0212
7   7     8      0.0            0.105    0.1048 0.021   0.021
8   8     9      0.0            0.104    0.104  0.0208  0.0208
9   9     10     0.0            0.103    0.1032 0.0208  0.0208
10  10    11     0.0            0.102    0.1022 0.0206  0.0206
11  11    12     0.0            0.1014   0.1012 0.0202  0.0202
12  12    13     0.0            0.1004   0.1002 0.0202  0.0202
13  13    14     0.0            0.0994   0.0994 0.02    0.02
14  14    15     0.0            0.0986   0.0984 0.0198  0.0198
15  15    16     0.0            0.0976   0.0976 0.0198  0.0198
16  16    17     0.0            0.0968   0.0968 0.0196  0.0196
17  17    18     0.0            0.0958   0.0958 0.0194  0.0194
18  18    19     0.0            0.095    0.095  0.0192  0.0192
19  19    20     0.0            0.0942   0.094  0.0192  0.0192
20  20    21     0.0            0.0932   0.0932 0.019   0.019
21  21    22     0.0            0.0922   0.0924 0.019   0.019
22  22    23     0.0            0.0914   0.0914 0.0188  0.0188
23  23    24     0.0            0.0906   0.0906 0.0186  0.0186
24  24    25     0.0            0.0898   0.0896 0.0184  0.0184
25  25    26     0.0            0.0888   0.089  0.0184  0.0184
26  26    27     0.0            0.088    0.088  0.0182  0.0182
27  27    28     0.0            0.0872   0.0872 0.018   0.018
28  28    29     0.0            0.0864   0.0864 0.018   0.018
29  29    30     0.0            0.0856   0.0855 0.0178  0.0178
30  30    31     0.0            0.0846   0.0849 0.0176  0.0176
31  31    32     7.3822464e-05  0.0841   0.0838 0.0174  0.0174
32  32    33     7.396e-05      0.0831   0.083  0.0174  0.0174
33  33    34     7.4114881e-05  0.0823   0.0822 0.0172  0.0172
34  34    35     7.4252689e-05  0.0815   0.0814 0.017   0.017
35  35    36     7.4390625e-05  0.0807   0.0806 0.017   0.017
36  36    37     7.4545956e-05  0.0798   0.0799 0.0168  0.0168
37  37    38     7.4684164e-05  0.079    0.0791 0.0166  0.0166
38  38    39     0.000149645    0.0783   0.0782 0.0166  0.0166
39  39    40     0.000149921928 0.0775   0.0775 0.0164  0.0164
40  40    41     0.000150199112 0.0767   0.0769 0.0164  0.0164
41  41    42     0.00015051125  0.0761   0.0759 0.016   0.016
42  42    43     0.000226183467 0.0753   0.0751 0.016   0.016
43  43    44     0.000226600443 0.0745   0.0744 0.0158  0.0158
44  44    45     0.000302690404 0.0738   0.0735 0.0158  0.0158
45  45    46     0.000303247396 0.0729   0.073  0.0156  0.0156
46  46    47     0.000379756125 0.0722   0.0722 0.0154  0.0154
47  47    48     0.000456544374 0.0716   0.0714 0.0152  0.0152
48  48    49     0.000533612527 0.0709   0.0706 0.0152  0.0152
49  49    50     0.000610821152 0.0699   0.07   0.0153  0.0153
50  50    51     0.000688432644 0.0693   0.0693 0.015   0.015
51  51    52     0.00076632516  0.0685   0.0685 0.0148  0.0148
52  52    53     0.000844499084 0.0679   0.0678 0.0146  0.0146
53  53    54     0.0009998677   0.0674   0.0672 0.0146  0.0146
54  54    55     0.001155535935 0.0665   0.0666 0.0147  0.0147
55  55    56     0.001311995825 0.0659   0.0659 0.0145  0.0145
56  56    57     0.001468686016 0.0652   0.0653 0.0144  0.0144
57  57    58     0.00162624     0.0646   0.0646 0.0142  0.0142
58  58    59     0.001861940736 0.0641   0.0639 0.014   0.014
59  59    60     0.002098014075 0.0633   0.0634 0.0138  0.0138
60  60    61     0.002413205199 0.0628   0.0626 0.0136  0.0136
61  61    62     0.0027289115   0.0621   0.0621 0.0137  0.0137
62  62    63     0.003046299516 0.0616   0.0614 0.0134  0.0134
63  63    64     0.0034422971   0.0609   0.0609 0.0134  0.0134
64  64    65     0.003839537296 0.0601   0.0604 0.0134  0.0134
65  65    66     0.004317478    0.0598   0.0597 0.013   0.013
66  66    67     0.004874668718 0.0592   0.0592 0.0131  0.0131
67  67    68     0.005433603444 0.0585   0.0587 0.013   0.013
68  68    69     0.006073156397 0.058    0.0582 0.0129  0.0129
69  69    70     0.006795231606 0.0575   0.0575 0.0127  0.0127
70  70    71     0.007597326336 0.0571   0.0568 0.0127  0.0127
71  71    72     0.008401921354 0.0566   0.0564 0.0125  0.0125
72  72    73     0.0093677958   0.0559   0.0559 0.0125  0.0125
73  73    74     0.010416188459 0.0555   0.0555 0.0124  0.0124
74  74    75     0.01154747752  0.0551   0.055  0.0124  0.0124
75  75    76     0.01276204176  0.0546   0.0546 0.0122  0.0122
76  76    77     0.014060260544 0.0542   0.0542 0.012   0.012
77  77    78     0.01552252685  0.0537   0.0538 0.012   0.012
78  78    79     0.017149597056 0.0534   0.0531 0.0118  0.0118
79  79    80     0.018861965035 0.0529   0.0527 0.0117  0.0117
80  80    81     0.02073577605  0.0523   0.0525 0.0119  0.0119
81  81    82     0.022700093088 0.0519   0.0521 0.0117  0.0117
82  82    83     0.024912334269 0.0517   0.0517 0.0115  0.0115
83  83    84     0.027212142052 0.0512   0.0511 0.0113  0.0113
84  84    85     0.029755031552 0.0507   0.0509 0.0116  0.0116
85  85    86     0.032473782401 0.0504   0.0505 0.0114  0.0114
86  86    87     0.035444211732 0.0501   0.05   0.0113  0.0113
87  87    88     0.038496452256 0.0496   0.0497 0.0113  0.0113
88  88    89     0.041891315915 0.0494   0.0492 0.0112  0.0112
89  89    90     0.04544944875  0.0488   0.049  0.0112  0.0112
90  90    91     0.049272522496 0.0486   0.0486 0.011   0.011
91  91    92     0.053340594932 0.0482   0.0481 0.0111  0.0111
92  92    93     0.057677477625 0.048    0.0477 0.011   0.011
93  93    94     0.06225965676  0.0473   0.0474 0.011   0.011
94  94    95     0.067114743752 0.047    0.047  0.0109  0.0109
95  95    96     0.072215208384 0.0465   0.0466 0.0109  0.0109
96  96    97     0.0776580656   0.0461   0.0463 0.0108  0.0108
97  97    98     0.083380632148 0.0457   0.0458 0.0106  0.0106
98  98    99     0.089430963676 0.0455   0.0453 0.0107  0.0107
99  99    100    0.09582750836  0.045    0.0449 0.0108  0.0108
100 100   101    0.102488871975 0.0445   0.0446 0.0107  0.0107
101 101   102    0.109498881722 0.0439   0.0441 0.0108  0.0108
102 102   103    0.116775928192 0.0435   0.0438 0.0108  0.0108
103 103   104    0.124431364008 0.0431   0.043  0.0104  0.0104
104 104   105    0.1324136448   0.0427   0.0426 0.0105  0.0105
105 105   106    0.14074975044  0.0422   0.0422 0.0104  0.0104
106 106   107    0.149441015808 0.0418   0.0416 0.0105  0.0105
107 107   108    0.158405274468 0.0413   0.0412 0.0104  0.0104
108 108   109    0.167727148416 0.0407   0.0406 0.0104  0.0104
109 109   110    0.177369201919 0.0401   0.0404 0.0105  0.0105
110 110   111    0.1874081599   0.0397   0.0399 0.0107  0.0107
111 111   112    0.197724757876 0.0393   0.0393 0.0106  0.0106
112 112   113    0.208320010831 0.0389   0.0389 0.0106  0.0106
113 113   114    0.219279078974 0.0385   0.0383 0.0105  0.0105
114 114   115    0.230519056176 0.0381   0.0379 0.0104  0.0104
115 115   116    0.241988260864 0.0375   0.0376 0.0106  0.0106
116 116   117    0.2538750366   0.0372   0.0371 0.0106  0.0106
117 117   118    0.26596137832  0.0369   0.0366 0.0105  0.0105
118 118   119    0.278187505686 0.0363   0.0366 0.0105  0.0105
119 119   120    0.290841920919 0.0363   0.0361 0.0104  0.0104
120 120   121    0.303547596688 0.0359   0.0361 0.0106  0.0106
121 121   122    0.316603898424 0.0357   0.0357 0.0105  0.0105
122 122   123    0.329863596352 0.0358   0.0355 0.0104  0.0104
123 123   124    0.343167822789 0.0354   0.0354 0.0105  0.0105
124 124   125    0.356670840348 0.0353   0.0354 0.0106  0.0106
125 125   126    0.3703680288   0.0354   0.0352 0.0104  0.0104
126 126   127    0.38410229235  0.0351   0.0353 0.0104  0.0104
127 127   128    0.398037235651 0.0353   0.0351 0.0103  0.0103
128 128   129    0.411918361088 0.0352   0.0353 0.0103  0.0103
129 129   130    0.425914556886 0.0352   0.0352 0.0103  0.0103
130 130   131    0.440035228836 0.0352   0.0352 0.0102  0.0102
131 131   132    0.454093455488 0.0352   0.0351 0.0103  0.0103
132 132   133    0.468095183031 0.0351   0.0353 0.0101  0.0101
133 133   134    0.48204015678  0.0351   0.0353 0.01    0.01
134 134   135    0.496014370119 0.0353   0.0352 0.0101  0.0101
135 135   136    0.509954908345 0.0354   0.0352 0.0098  0.0098
136 136   137    0.523731086632 0.0353   0.0351 0.0096  0.0096
137 137   138    0.53744947389  0.0353   0.0352 0.0097  0.0097
138 138   139    0.550936536176 0.0351   0.0351 0.0096  0.0096
139 139   140    0.564364922283 0.0352   0.0352 0.0094  0.0094
140 140   141    0.577560724848 0.035    0.035  0.0094  0.0094
141 141   142    0.590610045555 0.035    0.0348 0.0094  0.0094
142 142   143    0.60342533504  0.0348   0.0348 0.0091  0.0091
143 143   144    0.616092879897 0.0348   0.0345 0.0091  0.0091
144 144   145    0.628437744508 0.0347   0.0345 0.0088  0.0088
145 145   146    0.640496282796 0.0342   0.0343 0.009   0.009
146 146   147    0.652364976003 0.034    0.034  0.0088  0.0088
147 147   148    0.663995591168 0.0339   0.0338 0.0087  0.0087
148 148   149    0.675299752137 0.0336   0.0335 0.0084  0.0084
149 149   150    0.686364001564 0.0334   0.0332 0.0083  0.0083
150 150   151    0.697038662376 0.0328   0.0329 0.0083  0.0083
151 151   152    0.707442803896 0.0324   0.0325 0.008   0.008
152 152   153    0.717604236288 0.0323   0.0321 0.0079  0.0079
153 153   154    0.7273670348   0.0318   0.0317 0.0079  0.0079
154 154   155    0.73686243035  0.0314   0.0314 0.0076  0.0076
155 155   156    0.745953402302 0.0308   0.0309 0.0077  0.0077
156 156   157    0.754866856744 0.0304   0.0303 0.0075  0.0075
157 157   158    0.763444659042 0.0301   0.0298 0.0072  0.0072
158 158   159    0.771521584934 0.0294   0.0294 0.007   0.007
159 159   160    0.779511656448 0.0291   0.0289 0.0068  0.0068
160 160   161    0.786995749696 0.0284   0.0284 0.0067  0.0067
161 161   162    0.794137078592 0.0278   0.0279 0.0068  0.0068
162 162   163    0.801193560507 0.0273   0.0273 0.0065  0.0065
163 163   164    0.807736873125 0.0267   0.0268 0.0064  0.0064
164 164   165    0.8141963844   0.0261   0.0262 0.0061  0.0061
165 165   166    0.820227280896 0.0256   0.0256 0.0061  0.0061
166 166   167    0.825911225568 0.025    0.025  0.006   0.006
167 167   168    0.8313364693   0.0244   0.0247 0.0059  0.0059
168 168   169    0.836679459375 0.024    0.0239 0.0056  0.0056
169 169   170    0.841675561623 0.0235   0.0234 0.0056  0.0056
170 170   171    0.846321635675 0.0229   0.0229 0.0055  0.0055
171 171   172    0.850795723629 0.0223   0.0222 0.0053  0.0053
172 172   173    0.854918278843 0.0217   0.0219 0.0051  0.0051
173 173   174    0.859138742016 0.0213   0.0211 0.0049  0.0049
174 174   175    0.862915264512 0.0208   0.0207 0.0048  0.0048
175 175   176    0.8665176584   0.0204   0.0201 0.0048  0.0048
176 176   177    0.8698556016   0.0198   0.0196 0.0047  0.0047
177 177   178    0.873108306992 0.0193   0.0192 0.0045  0.0045
178 178   179    0.876095505408 0.0189   0.0187 0.0044  0.0044
179 179   180    0.878996712384 0.0184   0.0184 0.0044  0.0044
180 180   181    0.881631354432 0.018    0.0179 0.004   0.004
181 181   182    0.8842695      0.0176   0.0173 0.0041  0.0041
182 182   183    0.886453600344 0.0171   0.0173 0.0042  0.0042
183 183   184    0.888736520817 0.0168   0.0168 0.0039  0.0039
184 184   185    0.890931882729 0.0163   0.0165 0.0039  0.0039
185 185   186    0.892948924175 0.016    0.0161 0.0036  0.0036
186 186   187    0.894968412597 0.0159   0.0158 0.0037  0.0037
187 187   188    0.896808974281 0.0156   0.0154 0.0034  0.0034
188 188   189    0.8983722924   0.0152   0.0151 0.0036  0.0036
189 189   190    0.900035119    0.015    0.0149 0.0033  0.0033
190 190   191    0.901608890364 0.0147   0.0146 0.0033  0.0033
191 191   192    0.902904021063 0.0143   0.0146 0.0032  0.0032
192 192   193    0.904389815735 0.0142   0.0142 0.0032  0.0032
193 193   194    0.90578604255  0.014    0.0138 0.003   0.003
194 194   195    0.906902496192 0.0137   0.0139 0.0032  0.0032
195 195   196    0.908209967616 0.0136   0.0135 0.003   0.003
196 196   197    0.909237030975 0.0134   0.0134 0.003   0.003
197 197   198    0.910363954203 0.0132   0.0133 0.0029  0.0029
198 198   199    0.911491808023 0.0131   0.013  0.0027  0.0027
199 199   200    0.912429817676 0.013    0.0131 0.0027  0.0027
200 200   201    0.913276900214 0.0127   0.013  0.0027  0.0027
201 201   202    0.914315516433 0.0126   0.0127 0.0027  0.0027
202 202   203    0.91516376448  0.0126   0.0128 0.0027  0.0027
203 203   204    0.9161120248   0.0125   0.0125 0.0024  0.0024
204 204   205    0.916961381665 0.0125   0.0124 0.0025  0.0025
205 205   206    0.917818942034 0.0123   0.0124 0.0022  0.0022
206 206   207    0.9185773828   0.0123   0.0123 0.0023  0.0023
207 207   208    0.91933623351  0.0123   0.0122 0.0025  0.0025
208 208   209    0.920003411056 0.012    0.0122 0.0025  0.0025
209 209   210    0.92086272     0.0122   0.0122 0.0022  0.0022
210 210   211    0.921530566737 0.0121   0.0121 0.0022  0.0022
211 211   212    0.922198708584 0.0121   0.0121 0.0022  0.0022
212 212   213    0.922867145595 0.0121   0.012  0.0023  0.0023
213 213   214    0.923635641155 0.012    0.0121 0.002   0.002
214 214   215    0.924304690176 0.012    0.012  0.002   0.002
215 215   216    0.924974034517 0.012    0.0119 0.0021  0.0021
216 216   217    0.925551091348 0.012    0.012  0.002   0.002
217 217   218    0.926128328125 0.0119   0.012  0.002   0.002
218 218   219    0.926798443232 0.0119   0.0121 0.002   0.002
219 219   220    0.927376097678 0.0119   0.0121 0.0018  0.0018
220 220   221    0.927953932088 0.0119   0.0121 0.0018  0.0018
221 221   222    0.928624818231 0.0119   0.012  0.0018  0.0018
222 222   223    0.9292030704   0.0119   0.0121 0.0018  0.0018
223 223   224    0.929781502551 0.0119   0.0121 0.0018  0.0018
224 224   225    0.930360114684 0.012    0.0121 0.0018  0.0018
225 225   226    0.930938906799 0.012    0.0121 0.0016  0.0016
226 226   227    0.931517878896 0.012    0.0121 0.0016  0.0016
227 227   228    0.932097030975 0.012    0.0121 0.0016  0.0016
228 228   229    0.93276964     0.0121   0.012  0.0014  0.0014
229 229   230    0.93334921     0.0123   0.012  0.0014  0.0014
230 230   231    0.93392896     0.0123   0.012  0.0014  0.0014
231 231   232    0.93431556     0.012    0.0122 0.0016  0.0016
232 232   233    0.93489561     0.0122   0.0122 0.0014  0.0014
233 233   234    0.93547584     0.0122   0.0122 0.0014  0.0014
234 234   235    0.93605625     0.0122   0.0122 0.0012  0.0012
235 235   236    0.93663684     0.0124   0.0122 0.0012  0.0012
236 236   237    0.937024       0.0122   0.0124 0.0014  0.0014
237 237   238    0.93760489     0.0122   0.0122 0.0012  0.0012
238 238   239    0.93818596     0.0124   0.0122 0.0012  0.0012
239 239   240    0.93857344     0.0122   0.0124 0.0012  0.0012
240 240   241    0.93915481     0.0124   0.0124 0.0012  0.0012
241 241   242    0.93973636     0.0124   0.0124 0.001   0.001
242 242   243    0.94012416     0.0124   0.0124 0.0012  0.0012
243 243   244    0.94070601     0.0124   0.0124 0.001   0.001
244 244   245    0.94109401     0.0124   0.0126 0.0012  0.0012
245 245   246    0.94167616     0.0126   0.0124 0.001   0.001
246 246   247    0.94225849     0.0126   0.0124 0.0008  0.0008
247 247   248    0.94264681     0.0126   0.0126 0.001   0.001
248 248   249    0.94322944     0.0126   0.0124 0.0008  0.0008
249 249   250    0.94361796     0.0126   0.0126 0.0008  0.0008
250 250   251    0.94400656     0.0126   0.0128 0.001   0.001
251 251   252    0.94458961     0.0126   0.0126 0.0008  0.0008
252 252   253    0.94497841     0.0126   0.0128 0.0008  0.0008
253 253   254    0.94556176     0.0128   0.0126 0.0008  0.0008
254 254   255    0.94595076     0.0126   0.0128 0.0008  0.0008
255 255   256    0.94653441     0.0128   0.0126 0.0006  0.0006
256 256   257    0.94692361     0.0128   0.0128 0.0006  0.0006
257 257   258    0.94731289     0.0128   0.0128 0.0008  0.0008
258 258   259    0.94789696     0.0128   0.0126 0.0006  0.0006
259 259   260    0.94828644     0.0128   0.0128 0.0006  0.0006
260 260   261    0.948676       0.0128   0.0128 0.0006  0.0006
261 261   262    0.94906564     0.0128   0.013  0.0006  0.0006
262 262   263    0.94965025     0.013    0.0128 0.0006  0.0006
263 263   264    0.95004009     0.0128   0.0128 0.0006  0.0006
264 264   265    0.95043001     0.0128   0.013  0.0006  0.0006
265 265   266    0.95082001     0.0128   0.013  0.0006  0.0006
266 266   267    0.95140516     0.013    0.0128 0.0004  0.0004
267 267   268    0.95179536     0.013    0.0128 0.0004  0.0004
268 268   269    0.95218564     0.013    0.013  0.0004  0.0004
269 269   270    0.952576       0.013    0.013  0.0004  0.0004
270 270   271    0.95296644     0.013    0.013  0.0004  0.0004
271 271   272    0.95335696     0.013    0.013  0.0004  0.0004
272 272   273    0.95374756     0.0128   0.013  0.0004  0.0004
273 273   274    0.95433361     0.013    0.0128 0.0002  0.0002
274 274   275    0.95472441     0.013    0.013  0.0002  0.0002
275 275   276    0.95511529     0.013    0.013  0.0002  0.0002
276 276   277    0.95550625     0.013    0.013  0.0002  0.0002
277 277   278    0.95589729     0.013    0.013  0.0002  0.0002
278 278   279    0.95628841     0.013    0.013  0.0002  0.0002
279 279   280    0.95667961     0.013    0.013  0.0002  0.0002
280 280   281    0.95707089     0.0132   0.013  0.0002  0.0002
281 281   282    0.95746225     0.0132   0.013  0.0002  0.0002
282 282   283    0.95785369     0.0132   0.013  0.0     0.0
283 283   284    0.95804944     0.013    0.0132 0.0002  0.0002
284 284   285    0.958441       0.013    0.0132 0.0002  0.0002
285 285   286    0.95883264     0.013    0.013  0.0002  0.0002
286 286   287    0.95922436     0.013    0.013  0.0002  0.0002
287 287   288    0.95961616     0.013    0.013  0.0002  0.0002
288 288   289    0.96000804     0.013    0.013  0.0     0.0
289 289   290    0.9604         0.013    0.013  0.0     0.0
290 290   291    0.96079204     0.0132   0.013  0.0     0.0
291 291   292    0.96098809     0.013    0.0132 0.0002  0.0002
292 292   293    0.96138025     0.013    0.013  0.0     0.0
293 293   294    0.96177249     0.013    0.013  0.0     0.0
294 294   295    0.96216481     0.013    0.013  0.0     0.0
295 295   296    0.96255721     0.0132   0.013  0.0002  0.0002
296 296   297    0.96275344     0.013    0.013  0.0     0.0
297 297   298    0.96314596     0.013    0.013  0.0     0.0
298 298   299    0.96353856     0.013    0.013  0.0002  0.0002
299 299   300    0.96373489     0.0128   0.013  0.0     0.0
300 300   301    0.96412761     0.013    0.013  0.0     0.0
301 301   302    0.96452041     0.013    0.0128 0.0002  0.0002
302 302   303    0.96471684     0.0128   0.013  0.0     0.0
303 303   304    0.96510976     0.013    0.013  0.0002  0.0002
304 304   305    0.96550276     0.013    0.0128 0.0002  0.0002
305 305   306    0.96569929     0.0128   0.013  0.0     0.0
306 306   307    0.96609241     0.0128   0.0128 0.0002  0.0002
307 307   308    0.96648561     0.013    0.0128 0.0002  0.0002
308 308   309    0.96668224     0.0128   0.0128 0.0002  0.0002
309 309   310    0.96707556     0.0128   0.0128 0.0002  0.0002
310 310   311    0.96727225     0.0128   0.0128 0.0002  0.0002
311 311   312    0.96766569     0.0128   0.0128 0.0002  0.0002
312 312   313    0.96786244     0.0128   0.0128 0.0002  0.0002
313 313   314    0.968256       0.0128   0.0128 0.0002  0.0002
314 314   315    0.96845281     0.0126   0.0128 0.0002  0.0002
315 315   316    0.96884649     0.0128   0.0126 0.0002  0.0002
316 316   317    0.96904336     0.0126   0.0128 0.0002  0.0002
317 317   318    0.96943716     0.0128   0.0126 0.0004  0.0004
318 318   319    0.96963409     0.0126   0.0128 0.0002  0.0002
319 319   320    0.97002801     0.0126   0.0126 0.0004  0.0004
320 320   321    0.970225       0.0126   0.0126 0.0002  0.0002
321 321   322    0.97061904     0.0126   0.0126 0.0004  0.0004
322 322   323    0.97081609     0.0126   0.0126 0.0004  0.0004
323 323   324    0.97101316     0.0124   0.0126 0.0002  0.0002
324 324   325    0.97140736     0.0126   0.0124 0.0004  0.0004
325 325   326    0.97160449     0.0124   0.0126 0.0004  0.0004
326 326   327    0.97199881     0.0126   0.0124 0.0004  0.0004
327 327   328    0.972196       0.0124   0.0124 0.0004  0.0004
328 328   329    0.97239321     0.0124   0.0124 0.0004  0.0004
329 329   330    0.97278769     0.0124   0.0124 0.0004  0.0004
330 330   331    0.97298496     0.0124   0.0124 0.0004  0.0004
331 331   332    0.97318225     0.0122   0.0124 0.0004  0.0004
332 332   333    0.97357689     0.0124   0.0122 0.0004  0.0004
333 333   334    0.97377424     0.0122   0.0122 0.0004  0.0004
334 334   335    0.97397161     0.0122   0.0122 0.0004  0.0004
335 335   336    0.974169       0.0122   0.0122 0.0004  0.0004
336 336   337    0.97456384     0.0122   0.0122 0.0006  0.0006
337 337   338    0.97476129     0.0122   0.0122 0.0004  0.0004
338 338   339    0.97495876     0.012    0.0122 0.0004  0.0004
339 339   340    0.97515625     0.012    0.0122 0.0004  0.0004
340 340   341    0.97555129     0.0122   0.012  0.0006  0.0006
341 341   342    0.97574884     0.012    0.012  0.0006  0.0006
342 342   343    0.97594641     0.012    0.012  0.0004  0.0004
343 343   344    0.976144       0.012    0.012  0.0004  0.0004
344 344   345    0.97634161     0.0118   0.012  0.0004  0.0004
345 345   346    0.97653924     0.0118   0.012  0.0004  0.0004
346 346   347    0.97693456     0.012    0.0118 0.0006  0.0006
347 347   348    0.97713225     0.0118   0.0118 0.0006  0.0006
348 348   349    0.97732996     0.0118   0.0118 0.0006  0.0006
349 349   350    0.97752769     0.0118   0.0118 0.0004  0.0004
350 350   351    0.97772544     0.0116   0.0118 0.0004  0.0004
351 351   352    0.97792321     0.0116   0.0118 0.0004  0.0004
352 352   353    0.978121       0.0116   0.0116 0.0004  0.0004
353 353   354    0.97831881     0.0114   0.0116 0.0004  0.0004
354 354   355    0.97871449     0.0116   0.0114 0.0006  0.0006
355 355   356    0.97891236     0.0116   0.0114 0.0006  0.0006
356 356   357    0.97911025     0.0116   0.0114 0.0006  0.0006
357 357   358    0.97930816     0.0114   0.0114 0.0006  0.0006
358 358   359    0.97950609     0.0114   0.0114 0.0006  0.0006
359 359   360    0.97970404     0.0114   0.0114 0.0006  0.0006
360 360   361    0.97990201     0.0114   0.0112 0.0006  0.0006
361 361   362    0.9801         0.0112   0.0112 0.0006  0.0006
362 362   363    0.98029801     0.0112   0.0112 0.0006  0.0006
363 363   364    0.98049604     0.0112   0.0112 0.0006  0.0006
364 364   365    0.98069409     0.0112   0.0112 0.0006  0.0006
365 365   366    0.98089216     0.0112   0.011  0.0006  0.0006
366 366   367    0.98109025     0.011    0.011  0.0006  0.0006
367 367   368    0.98128836     0.011    0.011  0.0006  0.0006
368 368   369    0.98148649     0.011    0.011  0.0006  0.0006
369 369   370    0.98168464     0.011    0.0108 0.0006  0.0006
370 370   371    0.98188281     0.011    0.0108 0.0006  0.0006
371 371   372    0.982081       0.011    0.0108 0.0006  0.0006
372 372   373    0.982081       0.0108   0.0108 0.0004  0.0004
373 373   374    0.98227921     0.0106   0.0108 0.0006  0.0006
374 374   375    0.98247744     0.0106   0.0108 0.0006  0.0006
375 375   376    0.98267569     0.0106   0.0106 0.0006  0.0006
376 376   377    0.98287396     0.0106   0.0106 0.0006  0.0006
377 377   378    0.98307225     0.0106   0.0106 0.0006  0.0006
378 378   379    0.98327056     0.0106   0.0104 0.0006  0.0006
379 379   380    0.98346889     0.0106   0.0104 0.0006  0.0006
380 380   381    0.98366724     0.0106   0.0104 0.0006  0.0006
381 381   382    0.98366724     0.0104   0.0104 0.0006  0.0006
382 382   383    0.98386561     0.0104   0.0104 0.0006  0.0006
383 383   384    0.984064       0.0104   0.0104 0.0006  0.0006
384 384   385    0.98426241     0.0102   0.0102 0.0006  0.0006
385 385   386    0.98446084     0.0102   0.0102 0.0006  0.0006
386 386   387    0.98446084     0.01     0.0102 0.0006  0.0006
387 387   388    0.98465929     0.01     0.0102 0.0006  0.0006
388 388   389    0.98485776     0.01     0.01   0.0006  0.0006
389 389   390    0.98505625     0.01     0.01   0.0006  0.0006
390 390   391    0.98525476     0.01     0.01   0.0006  0.0006
391 391   392    0.98525476     0.0098   0.01   0.0006  0.0006
392 392   393    0.98545329     0.0098   0.01   0.0006  0.0006
393 393   394    0.98565184     0.0098   0.0098 0.0006  0.0006
394 394   395    0.98585041     0.0098   0.0098 0.0006  0.0006
395 395   396    0.98585041     0.0096   0.0098 0.0006  0.0006
396 396   397    0.986049       0.0096   0.0098 0.0006  0.0006
397 397   398    0.98624761     0.0096   0.0096 0.0006  0.0006
398 398   399    0.98644624     0.0096   0.0096 0.0006  0.0006
399 399   400    0.98644624     0.0094   0.0096 0.0006  0.0006
400 400   401    0.98664489     0.0094   0.0096 0.0006  0.0006
401 401   402    0.98684356     0.0096   0.0094 0.0006  0.0006
402 402   403    0.98684356     0.0094   0.0096 0.0006  0.0006
403 403   404    0.98704225     0.0094   0.0094 0.0006  0.0006
404 404   405    0.98724096     0.0094   0.0092 0.0006  0.0006
405 405   406    0.98743969     0.0094   0.0092 0.0008  0.0008
406 406   407    0.98743969     0.0092   0.0092 0.0006  0.0006
407 407   408    0.98763844     0.0092   0.0092 0.0006  0.0006
408 408   409    0.98783721     0.0092   0.009  0.0008  0.0008
409 409   410    0.98783721     0.009    0.0092 0.0006  0.0006
410 410   411    0.988036       0.009    0.009  0.0006  0.0006
411 411   412    0.988036       0.0088   0.009  0.0006  0.0006
412 412   413    0.98823481     0.009    0.009  0.0006  0.0006
413 413   414    0.98843364     0.009    0.0088 0.0006  0.0006
414 414   415    0.98843364     0.0088   0.009  0.0006  0.0006
415 415   416    0.98863249     0.0088   0.0088 0.0006  0.0006
416 416   417    0.98883136     0.0088   0.0086 0.0006  0.0006
417 417   418    0.98883136     0.0086   0.0088 0.0006  0.0006
418 418   419    0.98903025     0.0086   0.0086 0.0006  0.0006
419 419   420    0.98903025     0.0086   0.0086 0.0006  0.0006
420 420   421    0.98922916     0.0086   0.0086 0.0006  0.0006
421 421   422    0.98942809     0.0086   0.0084 0.0006  0.0006
422 422   423    0.98942809     0.0084   0.0084 0.0006  0.0006
423 423   424    0.98962704     0.0084   0.0084 0.0006  0.0006
424 424   425    0.98962704     0.0084   0.0084 0.0006  0.0006
425 425   426    0.98982601     0.0084   0.0082 0.0006  0.0006
426 426   427    0.98982601     0.0082   0.0084 0.0006  0.0006
427 427   428    0.990025       0.0082   0.0082 0.0006  0.0006
428 428   429    0.99022401     0.0082   0.008  0.0006  0.0006
429 429   430    0.99022401     0.0082   0.0082 0.0006  0.0006
430 430   431    0.99042304     0.0082   0.008  0.0006  0.0006
431 431   432    0.99042304     0.008    0.008  0.0006  0.0006
432 432   433    0.99062209     0.008    0.008  0.0006  0.0006
433 433   434    0.99062209     0.008    0.008  0.0006  0.0006
434 434   435    0.99082116     0.008    0.0078 0.0006  0.0006
435 435   436    0.99082116     0.0078   0.0078 0.0006  0.0006
436 436   437    0.99102025     0.0078   0.0078 0.0006  0.0006
437 437   438    0.99102025     0.0078   0.0078 0.0006  0.0006
438 438   439    0.99121936     0.0078   0.0076 0.0006  0.0006
439 439   440    0.99121936     0.0076   0.0076 0.0006  0.0006
440 440   441    0.99141849     0.0076   0.0076 0.0006  0.0006
441 441   442    0.99141849     0.0076   0.0076 0.0006  0.0006
442 442   443    0.99161764     0.0076   0.0074 0.0006  0.0006
443 443   444    0.99161764     0.0074   0.0074 0.0006  0.0006
444 444   445    0.99181681     0.0076   0.0074 0.0006  0.0006
445 445   446    0.99181681     0.0074   0.0074 0.0006  0.0006
446 446   447    0.99181681     0.0072   0.0074 0.0004  0.0004
447 447   448    0.992016       0.0072   0.0072 0.0006  0.0006
448 448   449    0.992016       0.0072   0.0074 0.0004  0.0004
449 449   450    0.99221521     0.0072   0.0072 0.0006  0.0006
450 450   451    0.99221521     0.007    0.0072 0.0006  0.0006
451 451   452    0.99241444     0.0072   0.007  0.0006  0.0006
452 452   453    0.99241444     0.007    0.007  0.0006  0.0006
453 453   454    0.99261369     0.007    0.007  0.0006  0.0006
454 454   455    0.99261369     0.007    0.007  0.0006  0.0006
455 455   456    0.99261369     0.0068   0.007  0.0004  0.0004
456 456   457    0.99281296     0.007    0.0068 0.0006  0.0006
457 457   458    0.99281296     0.0068   0.0068 0.0006  0.0006
458 458   459    0.99301225     0.0068   0.0066 0.0006  0.0006
459 459   460    0.99301225     0.0068   0.0068 0.0006  0.0006
460 460   461    0.99301225     0.0066   0.0068 0.0004  0.0004
461 461   462    0.99321156     0.0066   0.0066 0.0006  0.0006
462 462   463    0.99321156     0.0066   0.0066 0.0006  0.0006
463 463   464    0.99341089     0.0066   0.0064 0.0006  0.0006
464 464   465    0.99341089     0.0066   0.0064 0.0006  0.0006
465 465   466    0.99341089     0.0064   0.0066 0.0004  0.0004
466 466   467    0.99361024     0.0064   0.0064 0.0006  0.0006
467 467   468    0.99361024     0.0064   0.0064 0.0006  0.0006
468 468   469    0.99361024     0.0062   0.0064 0.0004  0.0004
469 469   470    0.99380961     0.0064   0.0062 0.0006  0.0006
470 470   471    0.99380961     0.0062   0.0062 0.0004  0.0004
471 471   472    0.99380961     0.0062   0.0062 0.0004  0.0004
472 472   473    0.994009       0.0062   0.0062 0.0006  0.0006
473 473   474    0.994009       0.006    0.0062 0.0004  0.0004
474 474   475    0.99420841     0.0062   0.006  0.0006  0.0006
475 475   476    0.99420841     0.006    0.006  0.0006  0.0006
476 476   477    0.99420841     0.006    0.006  0.0004  0.0004
477 477   478    0.99440784     0.006    0.0058 0.0006  0.0006
478 478   479    0.99440784     0.006    0.0058 0.0006  0.0006
479 479   480    0.99440784     0.0058   0.0058 0.0004  0.0004
480 480   481    0.99460729     0.006    0.0058 0.0006  0.0006
481 481   482    0.99460729     0.0058   0.0058 0.0006  0.0006
482 482   483    0.99460729     0.0058   0.0058 0.0004  0.0004
483 483   484    0.99460729     0.0056   0.0058 0.0004  0.0004
484 484   485    0.99480676     0.0056   0.0056 0.0006  0.0006
485 485   486    0.99480676     0.0056   0.0056 0.0004  0.0004
486 486   487    0.99480676     0.0054   0.0056 0.0004  0.0004
487 487   488    0.99500625     0.0056   0.0054 0.0006  0.0006
488 488   489    0.99500625     0.0054   0.0054 0.0004  0.0004
489 489   490    0.99500625     0.0054   0.0054 0.0004  0.0004
490 490   491    0.99520576     0.0054   0.0054 0.0006  0.0006
491 491   492    0.99520576     0.0054   0.0054 0.0006  0.0006
492 492   493    0.99520576     0.0052   0.0054 0.0004  0.0004
493 493   494    0.99520576     0.0052   0.0054 0.0004  0.0004
494 494   495    0.99540529     0.0054   0.0052 0.0006  0.0006
495 495   496    0.99540529     0.0052   0.0052 0.0004  0.0004
496 496   497    0.99540529     0.0052   0.0052 0.0004  0.0004
497 497   498    0.99540529     0.005    0.0052 0.0004  0.0004
498 498   499    0.99560484     0.0052   0.005  0.0006  0.0006
499 499   500    0.99560484     0.005    0.005  0.0004  0.0004
500 500   501    0.99560484     0.005    0.005  0.0004  0.0004
501 501   502    0.99580441     0.005    0.0048 0.0006  0.0006
502 502   503    0.99580441     0.005    0.0048 0.0004  0.0004
503 503   504    0.99580441     0.0048   0.0048 0.0004  0.0004
504 504   505    0.99580441     0.0048   0.005  0.0004  0.0004
505 505   506    0.996004       0.005    0.0048 0.0006  0.0006
506 506   507    0.996004       0.0048   0.0048 0.0004  0.0004
507 507   508    0.996004       0.0048   0.0048 0.0004  0.0004
508 508   509    0.996004       0.0046   0.0048 0.0004  0.0004
509 509   510    0.996004       0.0046   0.0048 0.0004  0.0004
510 510   511    0.99620361     0.0046   0.0046 0.0004  0.0004
511 511   512    0.99620361     0.0046   0.0046 0.0004  0.0004
512 512   513    0.99620361     0.0046   0.0046 0.0004  0.0004
513 513   514    0.99620361     0.0044   0.0046 0.0004  0.0004
514 514   515    0.99640324     0.0046   0.0044 0.0004  0.0004
515 515   516    0.99640324     0.0044   0.0044 0.0004  0.0004
516 516   517    0.99640324     0.0044   0.0044 0.0004  0.0004
517 517   518    0.99640324     0.0044   0.0044 0.0004  0.0004
518 518   519    0.99660289     0.0044   0.0042 0.0006  0.0006
519 519   520    0.99660289     0.0044   0.0042 0.0004  0.0004
520 520   521    0.99660289     0.0042   0.0042 0.0004  0.0004
521 521   522    0.99660289     0.0042   0.0042 0.0004  0.0004
522 522   523    0.99660289     0.0042   0.0042 0.0004  0.0004
523 523   524    0.99680256     0.0042   0.004  0.0004  0.0004
524 524   525    0.99680256     0.0042   0.004  0.0004  0.0004
525 525   526    0.99680256     0.0042   0.004  0.0004  0.0004
526 526   527    0.99680256     0.004    0.004  0.0004  0.0004
527 527   528    0.99680256     0.004    0.004  0.0004  0.0004
528 528   529    0.99700225     0.004    0.004  0.0004  0.0004
529 529   530    0.99700225     0.004    0.004  0.0004  0.0004
530 530   531    0.99700225     0.004    0.004  0.0004  0.0004
531 531   532    0.99700225     0.0038   0.004  0.0004  0.0004
532 532   533    0.99700225     0.0038   0.004  0.0004  0.0004
533 533   534    0.99700225     0.0038   0.004  0.0002  0.0002
534 534   535    0.99720196     0.0038   0.0038 0.0004  0.0004
535 535   536    0.99720196     0.0038   0.0038 0.0004  0.0004
536 536   537    0.99720196     0.0038   0.0038 0.0004  0.0004
537 537   538    0.99720196     0.0036   0.0038 0.0004  0.0004
538 538   539    0.99720196     0.0036   0.0038 0.0002  0.0002
539 539   540    0.99720196     0.0036   0.0038 0.0002  0.0002
540 540   541    0.99740169     0.0036   0.0036 0.0004  0.0004
541 541   542    0.99740169     0.0036   0.0036 0.0004  0.0004
542 542   543    0.99740169     0.0036   0.0036 0.0004  0.0004
543 543   544    0.99740169     0.0034   0.0036 0.0004  0.0004
544 544   545    0.99740169     0.0034   0.0036 0.0002  0.0002
545 545   546    0.99740169     0.0034   0.0036 0.0002  0.0002
546 546   547    0.99760144     0.0036   0.0034 0.0004  0.0004
547 547   548    0.99760144     0.0034   0.0034 0.0004  0.0004
548 548   549    0.99760144     0.0034   0.0034 0.0004  0.0004
549 549   550    0.99760144     0.0034   0.0034 0.0004  0.0004
550 550   551    0.99760144     0.0032   0.0034 0.0002  0.0002
551 551   552    0.99760144     0.0032   0.0034 0.0002  0.0002
552 552   553    0.99780121     0.0034   0.0032 0.0004  0.0004
553 553   554    0.99780121     0.0032   0.0032 0.0004  0.0004
554 554   555    0.99780121     0.0032   0.0032 0.0004  0.0004
555 555   556    0.99780121     0.0032   0.0032 0.0004  0.0004
556 556   557    0.99780121     0.0032   0.0032 0.0002  0.0002
557 557   558    0.99780121     0.003    0.0032 0.0002  0.0002
558 558   559    0.99780121     0.003    0.0032 0.0002  0.0002
559 559   560    0.99780121     0.003    0.0032 0.0002  0.0002
560 560   561    0.998001       0.0032   0.003  0.0004  0.0004
561 561   562    0.998001       0.003    0.003  0.0004  0.0004
562 562   563    0.998001       0.003    0.003  0.0004  0.0004
563 563   564    0.998001       0.003    0.003  0.0002  0.0002
564 564   565    0.998001       0.0028   0.003  0.0002  0.0002
565 565   566    0.998001       0.0028   0.003  0.0002  0.0002
566 566   567    0.998001       0.0028   0.003  0.0002  0.0002
567 567   568    0.99820081     0.003    0.0028 0.0004  0.0004
568 568   569    0.99820081     0.0028   0.0028 0.0004  0.0004
569 569   570    0.99820081     0.0028   0.0028 0.0004  0.0004
570 570   571    0.99820081     0.0028   0.0028 0.0004  0.0004
571 571   572    0.99820081     0.0028   0.0028 0.0002  0.0002
572 572   573    0.99820081     0.0026   0.0028 0.0002  0.0002
573 573   574    0.99820081     0.0026   0.0028 0.0002  0.0002
574 574   575    0.99820081     0.0026   0.0028 0.0002  0.0002
575 575   576    0.99820081     0.0026   0.0028 0.0002  0.0002
576 576   577    0.99840064     0.0028   0.0026 0.0004  0.0004
577 577   578    0.99840064     0.0026   0.0026 0.0004  0.0004
578 578   579    0.99840064     0.0026   0.0026 0.0004  0.0004
579 579   580    0.99840064     0.0026   0.0026 0.0002  0.0002
580 580   581    0.99840064     0.0026   0.0026 0.0002  0.0002
581 581   582    0.99840064     0.0024   0.0026 0.0002  0.0002
582 582   583    0.99840064     0.0024   0.0026 0.0002  0.0002
583 583   584    0.99840064     0.0024   0.0024 0.0002  0.0002
584 584   585    0.99840064     0.0024   0.0024 0.0002  0.0002
585 585   586    0.99840064     0.0024   0.0024 0.0002  0.0002
586 586   587    0.99860049     0.0024   0.0022 0.0004  0.0004
587 587   588    0.99860049     0.0024   0.0022 0.0004  0.0004
588 588   589    0.99860049     0.0024   0.0022 0.0002  0.0002
589 589   590    0.99860049     0.0024   0.0022 0.0002  0.0002
590 590   591    0.99860049     0.0022   0.0022 0.0002  0.0002
591 591   592    0.99860049     0.0022   0.0022 0.0002  0.0002
592 592   593    0.99860049     0.0022   0.0022 0.0002  0.0002
593 593   594    0.99860049     0.0022   0.0022 0.0002  0.0002
594 594   595    0.99860049     0.0022   0.0022 0.0002  0.0002
595 595   596    0.99860049     0.002    0.0022 0.0002  0.0002
596 596   597    0.99860049     0.002    0.0022 0.0002  0.0002
597 597   598    0.99880036     0.0022   0.002  0.0004  0.0004
598 598   599    0.99880036     0.0022   0.002  0.0002  0.0002
599 599   600    0.99880036     0.0022   0.002  0.0002  0.0002
600 600   601    0.99880036     0.0022   0.002  0.0002  0.0002
601 601   602    0.99880036     0.002    0.002  0.0002  0.0002
602 602   603    0.99880036     0.002    0.002  0.0002  0.0002
603 603   604    0.99880036     0.002    0.002  0.0002  0.0002
604 604   605    0.99880036     0.002    0.002  0.0002  0.0002
605 605   606    0.99880036     0.002    0.002  0.0002  0.0002
606 606   607    0.99880036     0.0018   0.002  0.0002  0.0002
607 607   608    0.99880036     0.0018   0.002  0.0002  0.0002
608 608   609    0.99880036     0.0018   0.002  0.0002  0.0002
609 609   610    0.99900025     0.002    0.0018 0.0002  0.0002
610 610   611    0.99900025     0.002    0.0018 0.0002  0.0002
611 611   612    0.99900025     0.002    0.0018 0.0002  0.0002
612 612   613    0.99900025     0.0018   0.0018 0.0002  0.0002
613 613   614    0.99900025     0.0018   0.0018 0.0002  0.0002
614 614   615    0.99900025     0.0018   0.0018 0.0002  0.0002
615 615   616    0.99900025     0.0018   0.0018 0.0002  0.0002
616 616   617    0.99900025     0.0018   0.0018 0.0002  0.0002
617 617   618    0.99900025     0.0018   0.0018 0.0002  0.0002
618 618   619    0.99900025     0.0018   0.0018 0.0002  0.0002
619 619   620    0.99900025     0.0016   0.0018 0.0002  0.0002
620 620   621    0.99900025     0.0016   0.0018 0.0002  0.0002
621 621   622    0.99900025     0.0016   0.0018 0.0002  0.0002
622 622   623    0.99900025     0.0016   0.0018 0.0     0.0
623 623   624    0.99900025     0.0016   0.0018 0.0     0.0
624 624   625    0.99920016     0.0018   0.0016 0.0002  0.0002
625 625   626    0.99920016     0.0016   0.0016 0.0002  0.0002
626 626   627    0.99920016     0.0016   0.0016 0.0002  0.0002
627 627   628    0.99920016     0.0016   0.0016 0.0002  0.0002
628 628   629    0.99920016     0.0016   0.0016 0.0002  0.0002
629 629   630    0.99920016     0.0016   0.0016 0.0002  0.0002
630 630   631    0.99920016     0.0016   0.0016 0.0002  0.0002
631 631   632    0.99920016     0.0016   0.0014 0.0002  0.0002
632 632   633    0.99920016     0.0016   0.0014 0.0002  0.0002
633 633   634    0.99920016     0.0014   0.0014 0.0002  0.0002
634 634   635    0.99920016     0.0014   0.0014 0.0002  0.0002
635 635   636    0.99920016     0.0014   0.0014 0.0002  0.0002
636 636   637    0.99920016     0.0014   0.0014 0.0002  0.0002
637 637   638    0.99920016     0.0014   0.0014 0.0002  0.0002
638 638   639    0.99920016     0.0014   0.0014 0.0     0.0
639 639   640    0.99920016     0.0014   0.0014 0.0     0.0
640 640   641    0.99920016     0.0012   0.0014 0.0     0.0
641 641   642    0.99920016     0.0012   0.0014 0.0     0.0
642 642   643    0.99920016     0.0012   0.0014 0.0     0.0
643 643   644    0.99940009     0.0014   0.0012 0.0002  0.0002
644 644   645    0.99940009     0.0014   0.0012 0.0002  0.0002
645 645   646    0.99940009     0.0014   0.0012 0.0002  0.0002
646 646   647    0.99940009     0.0014   0.0012 0.0002  0.0002
647 647   648    0.99940009     0.0014   0.0012 0.0002  0.0002
648 648   649    0.99940009     0.0014   0.0012 0.0002  0.0002
649 649   650    0.99940009     0.0012   0.0012 0.0002  0.0002
650 650   651    0.99940009     0.0012   0.0012 0.0002  0.0002
651 651   652    0.99940009     0.0012   0.0012 0.0002  0.0002
652 652   653    0.99940009     0.0012   0.0012 0.0002  0.0002
653 653   654    0.99940009     0.0012   0.0012 0.0002  0.0002
654 654   655    0.99940009     0.0012   0.0012 0.0002  0.0002
655 655   656    0.99940009     0.0012   0.0012 0.0002  0.0002
656 656   657    0.99940009     0.0012   0.0012 0.0002  0.0002
657 657   658    0.99940009     0.0012   0.0012 0.0     0.0
658 658   659    0.99940009     0.001    0.0012 0.0     0.0
659 659   660    0.99940009     0.001    0.0012 0.0     0.0
660 660   661    0.99940009     0.001    0.0012 0.0     0.0
661 661   662    0.99940009     0.001    0.0012 0.0     0.0
662 662   663    0.99940009     0.001    0.0012 0.0     0.0
663 663   664    0.99940009     0.001    0.0012 0.0     0.0
664 664   665    0.99940009     0.001    0.0012 0.0     0.0
665 665   666    0.99940009     0.001    0.0012 0.0     0.0
666 666   667    0.99940009     0.001    0.0012 0.0     0.0
667 667   668    0.99960004     0.0012   0.001  0.0002  0.0002
668 668   669    0.99960004     0.0012   0.001  0.0002  0.0002
669 669   670    0.99960004     0.001    0.001  0.0002  0.0002
670 670   671    0.99960004     0.001    0.001  0.0002  0.0002
671 671   672    0.99960004     0.001    0.001  0.0002  0.0002
672 672   673    0.99960004     0.001    0.001  0.0002  0.0002
673 673   674    0.99960004     0.001    0.001  0.0002  0.0002
674 674   675    0.99960004     0.001    0.001  0.0002  0.0002
675 675   676    0.99960004     0.001    0.0008 0.0002  0.0002
676 676   677    0.99960004     0.001    0.0008 0.0002  0.0002
677 677   678    0.99960004     0.001    0.0008 0.0002  0.0002
678 678   679    0.99960004     0.001    0.0008 0.0002  0.0002
679 679   680    0.99960004     0.001    0.0008 0.0002  0.0002
680 680   681    0.99960004     0.0008   0.0008 0.0002  0.0002
681 681   682    0.99960004     0.0008   0.0008 0.0002  0.0002
682 682   683    0.99960004     0.0008   0.0008 0.0     0.0
683 683   684    0.99960004     0.0008   0.0008 0.0     0.0
684 684   685    0.99960004     0.0008   0.0008 0.0     0.0
685 685   686    0.99960004     0.0008   0.0008 0.0     0.0
686 686   687    0.99960004     0.0008   0.0008 0.0     0.0
687 687   688    0.99960004     0.0008   0.0008 0.0     0.0
688 688   689    0.99960004     0.0008   0.0008 0.0     0.0
689 689   690    0.99960004     0.0008   0.0008 0.0     0.0
690 690   691    0.99960004     0.0008   0.0008 0.0     0.0
691 691   692    0.99960004     0.0008   0.0008 0.0     0.0
692 692   693    0.99960004     0.0008   0.0008 0.0     0.0
693 693   694    0.99960004     0.0008   0.0008 0.0     0.0
694 694   695    0.99960004     0.0006   0.0008 0.0     0.0
695 695   696    0.99960004     0.0006   0.0008 0.0     0.0
696 696   697    0.99960004     0.0006   0.0008 0.0     0.0
697 697   698    0.99960004     0.0006   0.0008 0.0     0.0
698 698   699    0.99960004     0.0006   0.0008 0.0     0.0
699 699   700    0.99960004     0.0006   0.0008 0.0     0.0
700 700   701    0.99960004     0.0006   0.0008 0.0     0.0
701 701   702    0.99960004     0.0006   0.0008 0.0     0.0
702 702   703    0.99980001     0.0008   0.0006 0.0002  0.0002
703 703   704    0.99980001     0.0008   0.0006 0.0002  0.0002
704 704   705    0.99980001     0.0008   0.0006 0.0002  0.0002
705 705   706    0.99980001     0.0008   0.0006 0.0002  0.0002
706 706   707    0.99980001     0.0008   0.0006 0.0002  0.0002
707 707   708    0.99980001     0.0008   0.0006 0.0002  0.0002
708 708   709    0.99980001     0.0008   0.0006 0.0002  0.0002
709 709   710    0.99980001     0.0008   0.0006 0.0002  0.0002
710 710   711    0.99980001     0.0006   0.0006 0.0002  0.0002
711 711   712    0.99980001     0.0006   0.0006 0.0002  0.0002
712 712   713    0.99980001     0.0006   0.0006 0.0002  0.0002
713 713   714    0.99980001     0.0006   0.0006 0.0002  0.0002
714 714   715    0.99980001     0.0006   0.0006 0.0002  0.0002
715 715   716    0.99980001     0.0006   0.0006 0.0002  0.0002
716 716   717    0.99980001     0.0006   0.0006 0.0002  0.0002
717 717   718    0.99980001     0.0006   0.0006 0.0002  0.0002
718 718   719    0.99980001     0.0006   0.0006 0.0002  0.0002
719 719   720    0.99980001     0.0006   0.0006 0.0     0.0
720 720   721    0.99980001     0.0006   0.0006 0.0     0.0
721 721   722    0.99980001     0.0006   0.0006 0.0     0.0
722 722   723    0.99980001     0.0006   0.0006 0.0     0.0
723 723   724    0.99980001     0.0006   0.0006 0.0     0.0
724 724   725    0.99980001     0.0006   0.0006 0.0     0.0
725 725   726    0.99980001     0.0006   0.0006 0.0     0.0
726 726   727    0.99980001     0.0006   0.0006 0.0     0.0
727 727   728    0.99980001     0.0006   0.0006 0.0     0.0
728 728   729    0.99980001     0.0006   0.0004 0.0     0.0
729 729   730    0.99980001     0.0004   0.0004 0.0     0.0
730 730   731    0.99980001     0.0004   0.0004 0.0     0.0
731 731   732    0.99980001     0.0004   0.0004 0.0     0.0
732 732   733    0.99980001     0.0004   0.0004 0.0     0.0
733 733   734    0.99980001     0.0004   0.0004 0.0     0.0
734 734   735    0.99980001     0.0004   0.0004 0.0     0.0
735 735   736    0.99980001     0.0004   0.0004 0.0     0.0
736 736   737    0.99980001     0.0004   0.0004 0.0     0.0
737 737   738    0.99980001     0.0004   0.0004 0.0     0.0
738 738   739    0.99980001     0.0004   0.0004 0.0     0.0
739 739   740    0.99980001     0.0004   0.0004 0.0     0.0
740 740   741    0.99980001     0.0004   0.0004 0.0     0.0
741 741   742    0.99980001     0.0004   0.0004 0.0     0.0
742 742   743    0.99980001     0.0004   0.0004 0.0     0.0
743 743   744    0.99980001     0.0004   0.0004 0.0     0.0
744 744   745    0.99980001     0.0004   0.0004 0.0     0.0
745 745   746    0.99980001     0.0004   0.0004 0.0     0.0
746 746   747    0.99980001     0.0004   0.0004 0.0     0.0
747 747   748    0.99980001     0.0004   0.0004 0.0     0.0
748 748   749    0.99980001     0.0004   0.0004 0.0     0.0
749 749   750    0.99980001     0.0004   0.0004 0.0     0.0
750 750   751    0.99980001     0.0004   0.0004 0.0     0.0
751 751   752    0.99980001     0.0004   0.0004 0.0     0.0
752 752   753    0.99980001     0.0004   0.0004 0.0     0.0
753 753   754    0.99980001     0.0004   0.0004 0.0     0.0
754 754   755    0.99980001     0.0004   0.0004 0.0     0.0
755 755   756    0.99980001     0.0002   0.0004 0.0     0.0
756 756   757    0.99980001     0.0002   0.0004 0.0     0.0
757 757   758    0.99980001     0.0002   0.0004 0.0     0.0
758 758   759    0.99980001     0.0002   0.0004 0.0     0.0
759 759   760    0.99980001     0.0002   0.0004 0.0     0.0
760 760   761    0.99980001     0.0002   0.0004 0.0     0.0
761 761   762    0.99980001     0.0002   0.0004 0.0     0.0
762 762   763    0.99980001     0.0002   0.0004 0.0     0.0
763 763   764    0.99980001     0.0002   0.0004 0.0     0.0
764 764   765    0.99980001     0.0002   0.0004 0.0     0.0
765 765   766    0.99980001     0.0002   0.0004 0.0     0.0
766 766   767    0.99980001     0.0002   0.0004 0.0     0.0
767 767   768    0.99980001     0.0002   0.0004 0.0     0.0
768 768   769    0.99980001     0.0002   0.0004 0.0     0.0
769 769   770    0.99980001     0.0002   0.0004 0.0     0.0
770 770   771    0.99980001     0.0002   0.0004 0.0     0.0
771 771   772    0.99980001     0.0002   0.0004 0.0     0.0
772 772   773    0.99980001     0.0002   0.0004 0.0     0.0
773 773   774    0.99980001     0.0002   0.0004 0.0     0.0
774 774   775    0.99980001     0.0002   0.0004 0.0     0.0
775 775   776    1.0            0.0004   0.0002 0.0002  0.0002
776 776   777    1.0            0.0004   0.0002 0.0002  0.0002
777 777   778    1.0            0.0004   0.0002 0.0002  0.0002
778 778   779    1.0            0.0004   0.0002 0.0002  0.0002
779 779   780    1.0            0.0004   0.0002 0.0002  0.0002
780 780   781    1.0            0.0004   0.0002 0.0002  0.0002
781 781   782    1.0            0.0004   0.0002 0.0002  0.0002
782 782   783    1.0            0.0004   0.0002 0.0002  0.0002
783 783   784    1.0            0.0004   0.0002 0.0002  0.0002
784 784   785    1.0            0.0004   0.0002 0.0002  0.0002
785 785   786    1.0            0.0004   0.0002 0.0002  0.0002
786 786   787    1.0            0.0004   0.0002 0.0002  0.0002
787 787   788    1.0            0.0004   0.0002 0.0002  0.0002
788 788   789    1.0            0.0004   0.0002 0.0002  0.0002
789 789   790    1.0            0.0004   0.0002 0.0002  0.0002
790 790   791    1.0            0.0004   0.0002 0.0002  0.0002
791 791   792    1.0            0.0004   0.0002 0.0002  0.0002
792 792   793    1.0            0.0002   0.0002 0.0002  0.0002
793 793   794    1.0            0.0002   0.0002 0.0002  0.0002
794 794   795    1.0            0.0002   0.0002 0.0002  0.0002
795 795   796    1.0            0.0002   0.0002 0.0     0.0
796 796   797    1.0            0.0002   0.0002 0.0     0.0
797 797   798    1.0            0.0002   0.0002 0.0     0.0
798 798   799    1.0            0.0002   0.0002 0.0     0.0
799 799   800    1.0            0.0002   0.0002 0.0     0.0
800 800   801    1.0            0.0002   0.0002 0.0     0.0
801 801   802    1.0            0.0002   0.0002 0.0     0.0
802 802   803    1.0            0.0002   0.0002 0.0     0.0
803 803   804    1.0            0.0002   0.0002 0.0     0.0
804 804   805    1.0            0.0002   0.0002 0.0     0.0
805 805   806    1.0            0.0002   0.0002 0.0     0.0
806 806   807    1.0            0.0002   0.0002 0.0     0.0
807 807   808    1.0            0.0002   0.0002 0.0     0.0
808 808   809    1.0            0.0002   0.0002 0.0     0.0
809 809   810    1.0            0.0002   0.0002 0.0     0.0
810 810   811    1.0            0.0002   0.0002 0.0     0.0
811 811   812    1.0            0.0002   0.0002 0.0     0.0
812 812   813    1.0            0.0002   0.0002 0.0     0.0
813 813   814    1.0            0.0002   0.0002 0.0     0.0
814 814   815    1.0            0.0002   0.0002 0.0     0.0
815 815   816    1.0            0.0002   0.0002 0.0     0.0
816 816   817    1.0            0.0002   0.0002 0.0     0.0
817 817   818    1.0            0.0002   0.0002 0.0     0.0
818 818   819    1.0            0.0002   0.0002 0.0     0.0
819 819   820    1.0            0.0002   0.0002 0.0     0.0
820 820   821    1.0            0.0002   0.0002 0.0     0.0
821 821   822    1.0            0.0002   0.0002 0.0     0.0
822 822   823    1.0            0.0002   0.0002 0.0     0.0
823 823   824    1.0            0.0002   0.0    0.0     0.0
824 824   825    1.0            0.0002   0.0    0.0     0.0
825 825   826    1.0            0.0002   0.0    0.0     0.0
826 826   827    1.0            0.0002   0.0    0.0     0.0
827 827   828    1.0            0.0002   0.0    0.0     0.0
828 828   829    1.0            0.0002   0.0    0.0     0.0
829 829   830    1.0            0.0002   0.0    0.0     0.0
830 830   831    1.0            0.0002   0.0    0.0     0.0
831 831   832    1.0            0.0002   0.0    0.0     0.0
832 832   833    1.0            0.0002   0.0    0.0     0.0
833 833   834    1.0            0.0002   0.0    0.0     0.0
834 834   835    1.0            0.0002   0.0    0.0     0.0
835 835   836    1.0            0.0002   0.0    0.0     0.0
836 836   837    1.0            0.0002   0.0    0.0     0.0
837 837   838    1.0            0.0002   0.0    0.0     0.0
838 838   839    1.0            0.0002   0.0    0.0     0.0
839 839   840    1.0            0.0002   0.0    0.0     0.0
840 840   841    1.0            0.0002   0.0    0.0     0.0
841 841   842    1.0            0.0002   0.0    0.0     0.0
842 842   843    1.0            0.0002   0.0    0.0     0.0
843 843   844    1.0            0.0002   0.0    0.0     0.0
844 844   845    1.0            0.0002   0.0    0.0     0.0
845 845   846    1.0            0.0002   0.0    0.0     0.0
846 846   847    1.0            0.0002   0.0    0.0     0.0
847 847   848    1.0            0.0002   0.0    0.0     0.0
848 848   849    1.0            0.0002   0.0    0.0     0.0
849 849   850    1.0            0.0002   0.0    0.0     0.0
850 850   851    1.0            0.0002   0.0    0.0     0.0
851 851   852    1.0            0.0002   0.0    0.0     0.0
852 852   853    1.0            0.0002   0.0    0.0     0.0
853 853   854    1.0            0.0002   0.0    0.0     0.0
854 854   855    1.0            0.0002   0.0    0.0     0.0
855 855   856    1.0            0.0002   0.0    0.0     0.0
856 856   857    1.0            0.0002   0.0    0.0     0.0
857 857   858    1.0            0.0002   0.0    0.0     0.0
858 858   859    1.0            0.0002   0.0    0.0     0.0
859 859   860    1.0            0.0002   0.0    0.0     0.0
860 860   861    1.0            0.0002   0.0    0.0     0.0
861 861   862    1.0            0.0002   0.0    0.0     0.0
862 862   863    1.0            0.0002   0.0    0.0     0.0
863 863   864    1.0            0.0002   0.0    0.0     0.0
864 864   865    1.0            0.0002   0.0    0.0     0.0
865 865   866    1.0            0.0002   0.0    0.0     0.0
866 866   867    1.0            0.0002   0.0    0.0     0.0
867 867   868    1.0            0.0      0.0    0.0     0.0
868 868   869    1.0            0.0      0.0    0.0     0.0
869 869   870    1.0            0.0      0.0    0.0     0.0
870 870   871    1.0            0.0      0.0    0.0     0.0
871 871   872    1.0            0.0      0.0    0.0     0.0
872 872   873    1.0            0.0      0.0    0.0     0.0
873 873   874    1.0            0.0      0.0    0.0     0.0
874 874   875    1.0            0.0      0.0    0.0     0.0
875 875   876    1.0            0.0      0.0    0.0     0.0
876 876   877    1.0            0.0      0.0    0.0     0.0
877 877   878    1.0            0.0      0.0    0.0     0.0
878 878   879    1.0            0.0      0.0    0.0     0.0
879 879   880    1.0            0.0      0.0    0.0     0.0
880 880   881    1.0            0.0      0.0    0.0     0.0
881 881   882    1.0            0.0      0.0    0.0     0.0
882 882   883    1.0            0.0      0.0    0.0     0.0
883 883   884    1.0            0.0      0.0    0.0     0.0
884 884   885    1.0            0.0      0.0    0.0     0.0
885 885   886    1.0            0.0      0.0    0.0     0.0
886 886   887    1.0            0.0      0.0    0.0     0.0
887 887   888    1.0            0.0      0.0    0.0     0.0
888 888   889    1.0            0.0      0.0    0.0     0.0
889 889   890    1.0            0.0      0.0    0.0     0.0
890 890   891    1.0            0.0      0.0    0.0     0.0
891 891   892    1.0            0.0      0.0    0.0     0.0
892 892   893    1.0            0.0      0.0    0.0     0.0
893 893   894    1.0            0.0      0.0    0.0     0.0
894 894   895    1.0            0.0      0.0    0.0     0.0
895 895   896    1.0            0.0      0.0    0.0     0.0
896 896   897    1.0            0.0      0.0    0.0     0.0
897 897   898    1.0            0.0      0.0    0.0     0.0
898 898   899    1.0            0.0      0.0    0.0     0.0
899 899   900    1.0            0.0      0.0    0.0     0.0
900 900   901    1.0            0.0      0.0    0.0     0.0
901 901   902    1.0            0.0      0.0    0.0     0.0
902 902   903    1.0            0.0      0.0    0.0     0.0
903 903   904    1.0            0.0      0.0    0.0     0.0
904 904   905    1.0            0.0      0.0    0.0     0.0
905 905   906    1.0            0.0      0.0    0.0     0.0
906 906   907    1.0            0.0      0.0    0.0     0.0
907 907   908    1.0            0.0      0.0    0.0     0.0
908 908   909    1.0            0.0      0.0    0.0     0.0
909 909   910    1.0            0.0      0.0    0.0     0.0
910 910   911    1.0            0.0      0.0    0.0     0.0
911 911   912    1.0            0.0      0.0    0.0     0.0
912 912   913    1.0            0.0      0.0    0.0     0.0
913 913   914    1.0            0.0      0.0    0.0     0.0
914 914   915    1.0            0.0      0.0    0.0     0.0
915 915   916    1.0            0.0      0.0    0.0     0.0
916 916   917    1.0            0.0      0.0    0.0     0.0
917 917   918    1.0            0.0      0.0    0.0     0.0
918 918   919    1.0            0.0      0.0    0.0     0.0
919 919   920    1.0            0.0      0.0    0.0     0.0
920 920   921    1.0            0.0      0.0    0.0     0.0
921 921   922    1.0            0.0      0.0    0.0     0.0
922 922   923    1.0            0.0      0.0    0.0     0.0
923 923   924    1.0            0.0      0.0    0.0     0.0
924 924   925    1.0            0.0      0.0    0.0     0.0
925 925   926    1.0            0.0      0.0    0.0     0.0
926 926   927    1.0            0.0      0.0    0.0     0.0
927 927   928    1.0            0.0      0.0    0.0     0.0
928 928   929    1.0            0.0      0.0    0.0     0.0
929 929   930    1.0            0.0      0.0    0.0     0.0
930 930   931    1.0            0.0      0.0    0.0     0.0
931 931   932    1.0            0.0      0.0    0.0     0.0
932 932   933    1.0            0.0      0.0    0.0     0.0
933 933   934    1.0            0.0      0.0    0.0     0.0
934 934   935    1.0            0.0      0.0    0.0     0.0
935 935   936    1.0            0.0      0.0    0.0     0.0
936 936   937    1.0            0.0      0.0    0.0     0.0
937 937   938    1.0            0.0      0.0    0.0     0.0
938 938   939    1.0            0.0      0.0    0.0     0.0
939 939   940    1.0            0.0      0.0    0.0     0.0
940 940   941    1.0            0.0      0.0    0.0     0.0
941 941   942    1.0            0.0      0.0    0.0     0.0
942 942   943    1.0            0.0      0.0    0.0     0.0
943 943   944    1.0            0.0      0.0    0.0     0.0
944 944   945    1.0            0.0      0.0    0.0     0.0
945 945   946    1.0            0.0      0.0    0.0     0.0
946 946   947    1.0            0.0      0.0    0.0     0.0
947 947   948    1.0            0.0      0.0    0.0     0.0
948 948   949    1.0            0.0      0.0    0.0     0.0
949 949   950    1.0            0.0      0.0    0.0     0.0
950 950   951    1.0            0.0      0.0    0.0     0.0
951 951   952    1.0            0.0      0.0    0.0     0.0
952 952   953    1.0            0.0      0.0    0.0     0.0
953 953   954    1.0            0.0      0.0    0.0     0.0
954 954   955    1.0            0.0      0.0    0.0     0.0
955 955   956    1.0            0.0      0.0    0.0     0.0
956 956   957    1.0            0.0      0.0    0.0     0.0
957 957   958    1.0            0.0      0.0    0.0     0.0
958 958   959    1.0            0.0      0.0    0.0     0.0
959 959   960    1.0            0.0      0.0    0.0     0.0
960 960   961    1.0            0.0      0.0    0.0     0.0
961 961   962    1.0            0.0      0.0    0.0     0.0
962 962   963    1.0            0.0      0.0    0.0     0.0
963 963   964    1.0            0.0      0.0    0.0     0.0
964 964   965    1.0            0.0      0.0    0.0     0.0
965 965   966    1.0            0.0      0.0    0.0     0.0
966 966   967    1.0            0.0      0.0    0.0     0.0
967 967   968    1.0            0.0      0.0    0.0     0.0
968 968   969    1.0            0.0      0.0    0.0     0.0
969 969   970    1.0            0.0      0.0    0.0     0.0
970 970   971    1.0            0.0      0.0    0.0     0.0
971 971   972    1.0            0.0      0.0    0.0     0.0
972 972   973    1.0            0.0      0.0    0.0     0.0
973 973   974    1.0            0.0      0.0    0.0     0.0
974 974   975    1.0            0.0      0.0    0.0     0.0
975 975   976    1.0            0.0      0.0    0.0     0.0
976 976   977    1.0            0.0      0.0    0.0     0.0
977 977   978    1.0            0.0      0.0    0.0     0.0
978 978   979    1.0            0.0      0.0    0.0     0.0
979 979   980    1.0            0.0      0.0    0.0     0.0
980 980   981    1.0            0.0      0.0    0.0     0.0
981 981   982    1.0            0.0      0.0    0.0     0.0
982 982   983    1.0            0.0      0.0    0.0     0.0
983 983   984    1.0            0.0      0.0    0.0     0.0
984 984   985    1.0            0.0      0.0    0.0     0.0
985 985   986    1.0            0.0      0.0    0.0     0.0
986 986   987    1.0            0.0      0.0    0.0     0.0
987 987   988    1.0            0.0      0.0    0.0     0.0
988 988   989    1.0            0.0      0.0    0.0     0.0
989 989   990    1.0            0.0      0.0    0.0     0.0
990 990   991    1.0            0.0      0.0    0.0     0.0
991 991   992    1.0            0.0      0.0    0.0     0.0
992 992   993    1.0            0.0      0.0    0.0     0.0
993 993   994    1.0            0.0      0.0    0.0     0.0
994 994   995    1.0            0.0      0.0    0.0     0.0
995 995   996    1.0            0.0      0.0    0.0     0.0
996 996   997    1.0            0.0      0.0    0.0     0.0
997 997   998    1.0            0.0      0.0    0.0     0.0
998 998   999    1.0            0.0      0.0    0.0     0.0
999 999   1000   1.0            0.0      0.0    0.0     0.0
