x    qcd_syst              qcd_syst_bin0        qcd_syst_bin1     qcd_syst_bin2        qcd_syst_bin3       qcd_syst_bin4        qcd_syst_bin5      qcd_syst_bin6       qcd_syst_bin7      qcd_syst_bin8
200  -0.24542255378934175  0.028661153168433418 0.0               0.0                  0.0                 0.0                  0.0                0.0                 0.0                0.0
220  -0.14078869810978356  0.0                  0.029316255746353 0.0                  0.0                 0.0                  0.0                0.0                 0.0                0.0
250  -0.07186780676038951  0.0                  0.0               0.031958896574700045 0.0                 0.0                  0.0                0.0                 0.0                0.0
280  -0.03217383908800481  0.0                  0.0               0.031958896574700045 0.0                 0.0                  0.0                0.0                 0.0                0.0
310  0.007520128584379893  0.0                  0.0               0.0                  0.04143163543288374 0.0                  0.0                0.0                 0.0                0.0
340  0.013983522456314124  0.0                  0.0               0.0                  0.04143163543288374 0.0                  0.0                0.0                 0.0                0.0
370  0.020446916328248355  0.0                  0.0               0.0                  0.0                 0.061623930162199754 0.0                0.0                 0.0                0.0
400  -0.010689189990862883 0.0                  0.0               0.0                  0.0                 0.061623930162199754 0.0                0.0                 0.0                0.0
430  -0.04182529630997412  0.0                  0.0               0.0                  0.0                 0.0                  0.0863185635130491 0.0                 0.0                0.0
470  -0.020036177294716406 0.0                  0.0               0.0                  0.0                 0.0                  0.0863185635130491 0.0                 0.0                0.0
510  0.0017529417205413012 0.0                  0.0               0.0                  0.0                 0.0                  0.0                0.15624369934986596 0.0                0.0
550  0.08496112829028213   0.0                  0.0               0.0                  0.0                 0.0                  0.0                0.15624369934986596 0.0                0.0
590  0.16816931486002296   0.0                  0.0               0.0                  0.0                 0.0                  0.0                0.0                 0.2270165186039958 0.0
640  0.12084759106849978   0.0                  0.0               0.0                  0.0                 0.0                  0.0                0.0                 0.2270165186039958 0.0
690  0.0735258672769766    0.0                  0.0               0.0                  0.0                 0.0                  0.0                0.0                 0.0                0.6019387322098128
740  0.026204143485453413  0.0                  0.0               0.0                  0.0                 0.0                  0.0                0.0                 0.0                0.6019387322098128
790  0.026204143485453413  0.0                  0.0               0.0                  0.0                 0.0                  0.0                0.0                 0.0                0.6019387322098128
840  0.026204143485453413  0.0                  0.0               0.0                  0.0                 0.0                  0.0                0.0                 0.0                0.6019387322098128
900  0.026204143485453413  0.0                  0.0               0.0                  0.0                 0.0                  0.0                0.0                 0.0                0.6019387322098128
960  0.026204143485453413  0.0                  0.0               0.0                  0.0                 0.0                  0.0                0.0                 0.0                0.6019387322098128
1020 0.026204143485453413  0.0                  0.0               0.0                  0.0                 0.0                  0.0                0.0                 0.0                0.6019387322098128
